num crossings	time (s)	maj axis (mm)	min axis (mm)	theta (rad )	slope (V/s)
3415	4589.808128	72.233188	-14.076732	0.409373	79.392926
3417	4591.867697	72.107631	-14.085200	0.407102	82.446831
3419	4593.926774	71.967457	-14.100986	0.407214	80.286604
3423	4598.044071	71.699545	-14.259603	0.404375	77.998345
3425	4600.103720	71.589619	-14.307829	0.402640	83.578835
3427	4602.164070	71.356702	-14.366798	0.398096	81.211298
3429	4604.224741	71.365210	-14.506938	0.394491	76.708567
3433	4608.346319	71.260079	-14.526876	0.390343	77.102058
3435	4610.406451	70.938665	-14.575117	0.387243	81.545505
3437	4612.466386	71.032454	-14.608379	0.387130	79.022623
3441	4616.585867	70.804916	-14.757807	0.381336	75.443378
3443	4618.645685	70.750232	-14.805899	0.379599	79.091776
3445	4620.705363	70.585214	-14.817076	0.379375	76.017156
3449	4624.823328	70.379469	-14.924325	0.374453	76.152115
3451	4626.882200	70.337081	-15.034729	0.371222	75.291735
3453	4628.941425	70.061677	-15.091512	0.363064	73.922292
3457	4633.061131	69.853043	-15.131269	0.360941	73.708181
3459	4635.122020	69.599534	-15.168492	0.357691	72.901869
3461	4637.182914	69.657908	-15.189254	0.358191	76.347319
3465	4641.303639	69.442890	-15.336825	0.352125	72.704150
3467	4643.363482	69.307528	-15.356375	0.350294	74.552232
3469	4645.422680	69.319246	-15.394198	0.348791	73.822175
3473	4649.541265	69.095863	-15.473416	0.342732	69.701093
3475	4651.600805	68.953850	-15.523759	0.341370	74.194791
3477	4653.660021	68.922548	-15.587557	0.338586	69.841259
3481	4657.780403	68.757209	-15.694888	0.332539	69.028316
3483	4659.840481	68.594375	-15.717993	0.331064	69.867090
3485	4661.900908	68.394373	-15.778497	0.324992	74.316628
3489	4666.021355	68.387771	-15.867402	0.321714	69.009444
3491	4668.080604	68.171334	-15.865011	0.317963	69.730037
3493	4670.139890	68.144286	-15.907519	0.318032	74.328445
3497	4674.256897	67.921054	-15.990184	0.314570	70.133408
3499	4676.315859	67.623810	-16.037033	0.311510	69.213155
3501	4678.375702	67.665923	-16.148757	0.309773	67.415100
3505	4682.496109	67.368236	-16.208793	0.302604	67.329271
3507	4684.556704	67.309093	-16.297832	0.300261	64.896981
3509	4686.617138	67.364882	-16.259904	0.298008	67.925980
3511	4688.677551	67.164141	-16.276925	0.295432	68.812839
3515	4692.797723	67.052496	-16.398430	0.289670	63.448586
3517	4694.857261	66.882305	-16.387838	0.288800	67.209097
3519	4696.916845	66.730118	-16.444755	0.285442	67.628465
3523	4701.035450	66.782808	-16.544484	0.280687	65.291490
3525	4703.094331	66.520427	-16.539260	0.279445	65.498282
3527	4705.153572	66.403280	-16.614352	0.273044	63.670827
3531	4709.272219	66.188183	-16.671394	0.268528	65.960052
3533	4711.332155	65.999810	-16.679439	0.265436	63.699807
3535	4713.392420	65.762657	-16.715386	0.262273	64.827240
3539	4717.513239	65.701252	-16.753933	0.260322	63.349889
3541	4719.574130	65.607599	-16.803730	0.256783	62.950357
3543	4721.634078	65.578356	-16.796132	0.255934	64.294219
3547	4725.753643	65.449733	-16.912472	0.250340	63.542830
3549	4727.813284	65.298273	-16.913983	0.247622	62.126897
3551	4729.872929	65.131913	-16.954362	0.243209	60.543211
3555	4733.991951	65.089620	-17.039468	0.237687	60.926682
3557	4736.051627	64.897711	-17.076029	0.236107	60.560290
3559	4738.111487	64.884391	-17.097668	0.233671	61.291426
3563	4742.231186	64.672468	-17.146736	0.227641	61.041647
3565	4744.291059	64.549004	-17.170512	0.222060	59.445110
3567	4746.350726	64.473000	-17.152718	0.221438	60.280820
3569	4748.410193	64.208914	-17.207165	0.216976	60.974638
3573	4752.528018	64.115878	-17.211727	0.215629	57.522425
3575	4754.587078	64.085472	-17.240512	0.214047	58.335094
3577	4756.645905	63.909294	-17.260808	0.211952	58.452436
3581	4760.764001	63.643224	-17.341999	0.205648	58.055147
3583	4762.823793	63.489855	-17.372330	0.200192	57.014605
3585	4764.883951	63.452621	-17.404578	0.199108	56.711144
3589	4769.004580	63.355574	-17.415747	0.194796	58.440680
3591	4771.064807	63.303275	-17.472843	0.190254	55.804715
3593	4773.125041	63.109399	-17.445135	0.188966	55.573050
3597	4777.244950	62.993421	-17.496729	0.184439	57.450709
3599	4779.304646	62.866239	-17.520549	0.181320	54.552162
3601	4781.363642	62.713267	-17.568542	0.178899	53.663486
3605	4785.482217	62.591419	-17.626924	0.172794	54.889779
3607	4787.541715	62.697035	-17.656650	0.171113	53.426212
3609	4789.600606	62.498183	-17.667768	0.165966	55.199902
3613	4793.718858	62.361014	-17.714688	0.159982	55.196844
3615	4795.778665	62.066518	-17.722576	0.157106	53.707729
3617	4797.838710	61.862113	-17.692679	0.156068	54.328076
3621	4801.959281	61.648949	-17.730660	0.151698	54.214468
3623	4804.019562	61.553027	-17.745088	0.149139	53.588781
3625	4806.079570	61.532009	-17.753894	0.146876	52.908127
3629	4810.200313	61.447619	-17.803210	0.140650	53.843154
3631	4812.259921	61.358935	-17.808338	0.138309	51.220343
3633	4814.319786	61.290444	-17.831938	0.135556	52.583240
3637	4818.439122	61.082299	-17.862313	0.129608	50.126874
3639	4820.498850	61.054036	-17.859838	0.128288	51.329902
3643	4824.617895	60.788701	-17.876219	0.122407	49.941070
3645	4826.677463	60.711525	-17.900087	0.118813	50.732599
3647	4828.737458	60.643771	-17.907035	0.116080	53.124980
3651	4832.855789	60.504471	-17.932226	0.111260	50.486182
3653	4834.914948	60.314476	-17.938241	0.108161	50.371967
3655	4836.973933	60.290706	-17.956048	0.106072	49.829711
3659	4841.091598	60.058900	-17.976197	0.102334	50.286808
3661	4843.150865	59.883999	-17.977616	0.099935	49.646819
3663	4845.209640	59.805840	-18.010493	0.096697	49.066463
3665	4847.268699	59.779038	-18.035889	0.093897	48.955743
3667	4849.327728	59.603606	-18.021299	0.091811	49.600393
3669	4851.387855	59.346841	-18.038776	0.087427	48.569070
3671	4853.447443	59.421640	-18.026852	0.085525	45.921189
3675	4857.567823	59.330874	-18.050656	0.080898	46.721811
3677	4859.627692	59.155932	-18.048836	0.077214	46.536264
3679	4861.687742	59.211360	-18.059298	0.076129	47.173591
3683	4865.807477	59.095598	-18.090360	0.069716	46.219285
3685	4867.867216	58.921125	-18.081189	0.068598	45.667191
3687	4869.926681	58.805429	-18.099965	0.064544	47.420105
3691	4874.045351	58.588507	-18.114782	0.059384	46.609289
3693	4876.104131	58.545610	-18.128080	0.056571	45.751928
3695	4878.163560	58.421165	-18.124320	0.053556	45.493745
3699	4882.281420	58.238692	-18.134069	0.047498	45.879497
3701	4884.340576	58.127400	-18.140753	0.044585	44.474658
3703	4886.401034	57.995597	-18.139090	0.042481	45.641442
3707	4890.520039	57.845840	-18.155148	0.037767	44.623145
