crossing time (s)	slope (V/s)	crossing number
281474976710655.000000	-150.662842	4556	0.000000
281474976710655.000000	-75.456856	4557	0.000000
281474976710655.000000	-147.109756	4558	0.000000
281474976710655.000000	-49.954441	4559	0.000000
281474976710655.000000	-72.969955	4560	0.000000
281474976710655.000000	-50.758942	4561	0.000000
281474976710655.000000	-71.025375	4562	0.000000
281474976710655.000000	-72.894897	4563	0.000000
281474976710655.000000	-68.409615	4564	0.000000
281474976710655.000000	-47.828533	4565	0.000000
281474976710655.000000	-71.274277	4566	0.000000
281474976710655.000000	-112.691902	4567	0.000000
281474976710655.000000	-69.830864	4568	0.000000
281474976710655.000000	-50.001728	4569	0.000000
281474976710655.000000	-69.628029	4570	0.000000
281474976710655.000000	-76.879974	4571	0.000000
281474976710655.000000	-68.438210	4572	0.000000
281474976710655.000000	-49.501114	4573	0.000000
281474976710655.000000	-146.795990	4574	0.000000
281474976710655.000000	-75.974983	4575	0.000000
281474976710655.000000	-45.730991	4576	0.000000
281474976710655.000000	-116.608780	4577	0.000000
281474976710655.000000	-34.118408	4578	0.000000
281474976710655.000000	-70.647835	4579	0.000000
281474976710655.000000	-70.643089	4580	0.000000
281474976710655.000000	-75.210747	4581	0.000000
281474976710655.000000	-66.741585	4582	0.000000
281474976710655.000000	-72.715073	4583	0.000000
281474976710655.000000	-69.539108	4584	0.000000
281474976710655.000000	-113.509048	4585	0.000000
281474976710655.000000	-67.939835	4586	0.000000
281474976710655.000000	-49.059002	4587	0.000000
281474976710655.000000	-45.573727	4588	0.000000
281474976710655.000000	-69.798820	4589	0.000000
281474976710655.000000	-36.491013	4590	0.000000
281474976710655.000000	-47.230118	4591	0.000000
281474976710655.000000	-33.907410	4592	0.000000
281474976710655.000000	-55.524536	4593	0.000000
281474976710655.000000	-45.985188	4594	0.000000
281474976710655.000000	-76.259476	4595	0.000000
281474976710655.000000	-67.728333	4596	0.000000
281474976710655.000000	-72.215080	4597	0.000000
281474976710655.000000	-68.340637	4598	0.000000
281474976710655.000000	-47.058098	4599	0.000000
281474976710655.000000	-68.196587	4600	0.000000
281474976710655.000000	-69.836220	4601	0.000000
281474976710655.000000	-69.356377	4602	0.000000
281474976710655.000000	-45.945992	4603	0.000000
281474976710655.000000	-52.619789	4604	0.000000
281474976710655.000000	-68.491989	4605	0.000000
281474976710655.000000	-66.943405	4606	0.000000
281474976710655.000000	-35.465923	4607	0.000000
281474976710655.000000	-140.790710	4608	0.000000
281474976710655.000000	-69.874588	4609	0.000000
281474976710655.000000	-65.430855	4610	0.000000
281474976710655.000000	-66.556664	4611	0.000000
281474976710655.000000	-141.568085	4612	0.000000
281474976710655.000000	-70.300339	4613	0.000000
281474976710655.000000	-31.178514	4614	0.000000
281474976710655.000000	-34.647583	4615	0.000000
281474976710655.000000	-43.486179	4616	0.000000
281474976710655.000000	-136.950882	4617	0.000000
281474976710655.000000	-134.311996	4618	0.000000
281474976710655.000000	-46.508297	4619	0.000000
281474976710655.000000	-51.781837	4620	0.000000
281474976710655.000000	-64.318108	4621	0.000000
281474976710655.000000	-71.868393	4622	0.000000
281474976710655.000000	-68.587357	4623	0.000000
281474976710655.000000	-100.792351	4624	0.000000
281474976710655.000000	-67.351059	4625	0.000000
281474976710655.000000	-64.081505	4626	0.000000
281474976710655.000000	-68.942696	4627	0.000000
281474976710655.000000	-50.756912	4628	0.000000
281474976710655.000000	-45.536453	4629	0.000000
281474976710655.000000	-126.079971	4630	0.000000
281474976710655.000000	-73.179901	4631	0.000000
281474976710655.000000	-64.790909	4632	0.000000
281474976710655.000000	-69.261719	4633	0.000000
281474976710655.000000	-65.212357	4634	0.000000
281474976710655.000000	-67.122284	4635	0.000000
281474976710655.000000	-72.078033	4636	0.000000
281474976710655.000000	-66.537743	4637	0.000000
281474976710655.000000	-63.954338	4638	0.000000
281474976710655.000000	-69.396324	4639	0.000000
281474976710655.000000	-62.369072	4640	0.000000
281474976710655.000000	-66.281097	4641	0.000000
281474976710655.000000	-62.555687	4642	0.000000
281474976710655.000000	-44.110447	4643	0.000000
281474976710655.000000	-44.352238	4644	0.000000
281474976710655.000000	-45.614414	4645	0.000000
281474976710655.000000	-67.877716	4646	0.000000
281474976710655.000000	-67.500526	4647	0.000000
281474976710655.000000	-43.146873	4648	0.000000
281474976710655.000000	-66.569801	4649	0.000000
281474976710655.000000	-43.601925	4650	0.000000
281474976710655.000000	-63.967258	4651	0.000000
281474976710655.000000	-63.570145	4652	0.000000
281474976710655.000000	-44.918049	4653	0.000000
281474976710655.000000	-42.792786	4654	0.000000
281474976710655.000000	-65.118607	4655	0.000000
281474976710655.000000	-63.280243	4656	0.000000
281474976710655.000000	-44.790062	4657	0.000000
281474976710655.000000	-63.078671	4658	0.000000
281474976710655.000000	-102.955231	4659	0.000000
281474976710655.000000	-40.562389	4660	0.000000
281474976710655.000000	-70.099648	4661	0.000000
281474976710655.000000	-48.789917	4662	0.000000
281474976710655.000000	-69.957489	4663	0.000000
281474976710655.000000	-100.119087	4664	0.000000
281474976710655.000000	-70.269173	4665	0.000000
281474976710655.000000	-62.883335	4666	0.000000
281474976710655.000000	-63.074986	4667	0.000000
281474976710655.000000	-97.841133	4668	0.000000
281474976710655.000000	-41.603226	4669	0.000000
281474976710655.000000	-62.703548	4670	0.000000
281474976710655.000000	-62.132835	4671	0.000000
281474976710655.000000	-61.276569	4672	0.000000
281474976710655.000000	-96.283791	4673	0.000000
281474976710655.000000	-118.091103	4674	0.000000
281474976710655.000000	-68.753487	4675	0.000000
281474976710655.000000	-59.970131	4676	0.000000
281474976710655.000000	-63.788074	4677	0.000000
281474976710655.000000	-48.135128	4678	0.000000
281474976710655.000000	-61.728413	4679	0.000000
281474976710655.000000	-47.473877	4680	0.000000
281474976710655.000000	-69.679779	4681	0.000000
281474976710655.000000	-46.588791	4682	0.000000
281474976710655.000000	-61.267872	4683	0.000000
281474976710655.000000	-59.908199	4684	0.000000
281474976710655.000000	-68.983582	4685	0.000000
281474976710655.000000	-46.444138	4686	0.000000
281474976710655.000000	-65.916138	4687	0.000000
281474976710655.000000	-66.783127	4688	0.000000
281474976710655.000000	-59.747841	4689	0.000000
281474976710655.000000	-40.752972	4690	0.000000
281474976710655.000000	-68.638634	4691	0.000000
281474976710655.000000	-47.027248	4692	0.000000
281474976710655.000000	-61.122963	4693	0.000000
281474976710655.000000	-65.705444	4694	0.000000
281474976710655.000000	-60.216461	4695	0.000000
281474976710655.000000	-40.490093	4696	0.000000
281474976710655.000000	-60.629673	4697	0.000000
281474976710655.000000	-62.987965	4698	0.000000
281474976710655.000000	-40.767490	4699	0.000000
281474976710655.000000	-39.949345	4700	0.000000
281474976710655.000000	-38.370712	4701	0.000000
281474976710655.000000	-78.856262	4702	0.000000
281474976710655.000000	-61.112461	4703	0.000000
281474976710655.000000	-45.995392	4704	0.000000
281474976710655.000000	-47.670338	4705	0.000000
281474976710655.000000	-59.263149	4706	0.000000
281474976710655.000000	-60.542011	4707	0.000000
281474976710655.000000	-65.422813	4708	0.000000
281474976710655.000000	-62.708408	4709	0.000000
281474976710655.000000	-58.297592	4710	0.000000
281474976710655.000000	-58.990356	4711	0.000000
281474976710655.000000	-64.993752	4712	0.000000
281474976710655.000000	-45.111950	4713	0.000000
281474976710655.000000	-59.164162	4714	0.000000
281474976710655.000000	-94.480598	4715	0.000000
281474976710655.000000	-57.872261	4716	0.000000
281474976710655.000000	-46.948277	4717	0.000000
281474976710655.000000	-48.653065	4718	0.000000
281474976710655.000000	-58.719547	4719	0.000000
281474976710655.000000	-57.999062	4720	0.000000
281474976710655.000000	-65.201057	4721	0.000000
281474976710655.000000	-38.407566	4722	0.000000
281474976710655.000000	-58.461548	4723	0.000000
281474976710655.000000	-57.116898	4724	0.000000
281474976710655.000000	-57.907547	4725	0.000000
281474976710655.000000	-74.733604	4726	0.000000
281474976710655.000000	-63.779869	4727	0.000000
281474976710655.000000	-64.005188	4728	0.000000
281474976710655.000000	-57.506699	4729	0.000000
281474976710655.000000	-43.435047	4730	0.000000
281474976710655.000000	-58.468563	4731	0.000000
281474976710655.000000	-39.284794	4732	0.000000
281474976710655.000000	-44.628300	4733	0.000000
281474976710655.000000	-57.060768	4734	0.000000
281474976710655.000000	-57.550323	4735	0.000000
281474976710655.000000	-47.455029	4736	0.000000
281474976710655.000000	-30.444767	4737	0.000000
281474976710655.000000	-56.466476	4738	0.000000
281474976710655.000000	-56.436848	4739	0.000000
281474976710655.000000	-56.963921	4740	0.000000
281474976710655.000000	-64.801147	4741	0.000000
281474976710655.000000	-62.282986	4742	0.000000
281474976710655.000000	-57.041428	4743	0.000000
281474976710655.000000	-54.444454	4744	0.000000
281474976710655.000000	-46.360893	4745	0.000000
281474976710655.000000	-44.383537	4746	0.000000
281474976710655.000000	-56.579102	4747	0.000000
281474976710655.000000	-112.098862	4748	0.000000
281474976710655.000000	-62.224957	4749	0.000000
281474976710655.000000	-61.760353	4750	0.000000
281474976710655.000000	-90.417221	4751	0.000000
281474976710655.000000	-54.847557	4752	0.000000
281474976710655.000000	-57.184292	4753	0.000000
281474976710655.000000	-43.699837	4754	0.000000
281474976710655.000000	-61.928936	4755	0.000000
281474976710655.000000	-42.703152	4756	0.000000
281474976710655.000000	-65.066879	4757	0.000000
281474976710655.000000	-76.540504	4758	0.000000
281474976710655.000000	-50.929470	4759	0.000000
281474976710655.000000	-43.289875	4760	0.000000
281474976710655.000000	-55.501923	4761	0.000000
281474976710655.000000	-55.979244	4762	0.000000
281474976710655.000000	-61.927734	4763	0.000000
281474976710655.000000	-61.603317	4764	0.000000
281474976710655.000000	-55.069645	4765	0.000000
281474976710655.000000	-54.883312	4766	0.000000
281474976710655.000000	-81.749870	4767	0.000000
281474976710655.000000	-53.596603	4768	0.000000
281474976710655.000000	-60.878063	4769	0.000000
281474976710655.000000	-41.126625	4770	0.000000
281474976710655.000000	-45.290169	4771	0.000000
281474976710655.000000	-53.306957	4772	0.000000
281474976710655.000000	-55.239025	4773	0.000000
281474976710655.000000	-52.785923	4774	0.000000
281474976710655.000000	-61.297039	4775	0.000000
281474976710655.000000	-58.734165	4776	0.000000
281474976710655.000000	-61.784309	4777	0.000000
281474976710655.000000	-52.481457	4778	0.000000
281474976710655.000000	-53.306343	4779	0.000000
281474976710655.000000	-42.573975	4780	0.000000
281474976710655.000000	-44.132313	4781	0.000000
281474976710655.000000	-85.979080	4782	0.000000
281474976710655.000000	-45.207211	4783	0.000000
281474976710655.000000	-51.218842	4784	0.000000
281474976710655.000000	-55.395069	4785	0.000000
281474976710655.000000	-41.323719	4786	0.000000
281474976710655.000000	-41.739140	4787	0.000000
281474976710655.000000	-59.882755	4788	0.000000
281474976710655.000000	-40.283840	4789	0.000000
281474976710655.000000	-52.519970	4790	0.000000
281474976710655.000000	-43.214378	4791	0.000000
281474976710655.000000	-40.435886	4792	0.000000
281474976710655.000000	-51.539249	4793	0.000000
281474976710655.000000	-44.244537	4794	0.000000
281474976710655.000000	-51.447517	4795	0.000000
281474976710655.000000	-40.390190	4796	0.000000
281474976710655.000000	-51.587231	4797	0.000000
281474976710655.000000	-59.610279	4798	0.000000
281474976710655.000000	-51.155674	4799	0.000000
281474976710655.000000	-69.380653	4800	0.000000
281474976710655.000000	-60.289089	4801	0.000000
281474976710655.000000	-83.005455	4802	0.000000
281474976710655.000000	-50.981709	4803	0.000000
281474976710655.000000	-82.022194	4804	0.000000
281474976710655.000000	-40.023712	4805	0.000000
281474976710655.000000	-51.675171	4806	0.000000
281474976710655.000000	-57.259724	4807	0.000000
281474976710655.000000	-52.029236	4808	0.000000
281474976710655.000000	-44.857166	4809	0.000000
281474976710655.000000	-49.988953	4810	0.000000
281474976710655.000000	-60.645611	4811	0.000000
281474976710655.000000	-50.350315	4812	0.000000
281474976710655.000000	-51.770424	4813	0.000000
281474976710655.000000	-33.750069	4814	0.000000
281474976710655.000000	-66.162666	4815	0.000000
281474976710655.000000	-50.197872	4816	0.000000
281474976710655.000000	-68.354721	4817	0.000000
281474976710655.000000	-50.789654	4818	0.000000
281474976710655.000000	-41.422253	4819	0.000000
281474976710655.000000	-42.519226	4820	0.000000
281474976710655.000000	-49.348740	4821	0.000000
281474976710655.000000	-55.772972	4822	0.000000
281474976710655.000000	-38.855736	4823	0.000000
281474976710655.000000	-49.821659	4824	0.000000
281474976710655.000000	-50.008343	4825	0.000000
281474976710655.000000	-34.002171	4826	0.000000
281474976710655.000000	-49.496788	4827	0.000000
281474976710655.000000	-41.721184	4828	0.000000
281474976710655.000000	-63.538551	4829	0.000000
281474976710655.000000	-48.958412	4830	0.000000
281474976710655.000000	-48.974869	4831	0.000000
281474976710655.000000	-66.850014	4832	0.000000
281474976710655.000000	-44.563416	4833	0.000000
281474976710655.000000	-37.816036	4834	0.000000
281474976710655.000000	-57.938507	4835	0.000000
281474976710655.000000	-65.966377	4836	0.000000
281474976710655.000000	-66.443024	4837	0.000000
281474976710655.000000	-47.818081	4838	0.000000
281474976710655.000000	-48.617783	4839	0.000000
281474976710655.000000	-48.342762	4840	0.000000
281474976710655.000000	-54.798244	4841	0.000000
281474976710655.000000	-38.234222	4842	0.000000
281474976710655.000000	-48.354942	4843	0.000000
281474976710655.000000	-48.808537	4844	0.000000
281474976710655.000000	-40.617432	4845	0.000000
281474976710655.000000	-65.786148	4846	0.000000
281474976710655.000000	-63.372181	4847	0.000000
281474976710655.000000	-47.097282	4848	0.000000
281474976710655.000000	-56.251881	4849	0.000000
281474976710655.000000	-48.763931	4850	0.000000
