num crossings	time (s)	maj axis (mm)	min axis (mm)	theta (rad )	slope (V/s)
2747	3899.030145	69.146442	-14.861794	1.387930	75.078529
2749	3901.088704	69.171107	-14.747294	1.386327	78.799845
2751	3903.147502	69.150499	-14.719063	1.383672	78.363832
2753	3905.206558	68.953315	-14.639426	1.381296	77.521634
2757	3909.325443	68.747838	-14.483079	1.375662	72.541068
2759	3911.384777	68.664325	-14.434743	1.374017	74.256249
2761	3913.444145	68.832189	-14.410625	1.371250	75.701105
2765	3917.562529	68.595648	-14.336071	1.365915	75.788021
2767	3919.622329	68.487993	-14.252856	1.363275	72.479353
2769	3921.682043	68.390033	-14.135482	1.361600	73.490274
2773	3925.801216	68.257527	-14.066846	1.357233	74.233218
2775	3927.860319	68.292852	-13.994626	1.354958	78.195651
2777	3929.919378	68.023223	-13.915357	1.351100	73.397499
2779	3931.978368	68.148932	-13.866830	1.348429	79.106853
2781	3934.037483	68.092896	-13.793336	1.347633	75.758279
2785	3938.154709	67.823788	-13.713214	1.343171	72.528134
2787	3940.213197	67.775642	-13.593390	1.342431	73.243717
2789	3942.272246	67.807776	-13.553865	1.340902	74.810854
2793	3946.390240	67.730338	-13.510759	1.334242	76.292033
2795	3948.449443	67.600288	-13.405790	1.332974	77.323818
2797	3950.508646	67.498699	-13.363340	1.328355	72.513206
2799	3952.567860	67.162094	-13.267261	1.329001	71.557221
2803	3956.686792	67.197849	-13.197820	1.323490	74.631535
2805	3958.745944	67.309192	-13.105657	1.321589	73.584277
2807	3960.805027	66.983660	-13.026107	1.318789	73.320370
2811	3964.923525	66.846091	-12.906738	1.315542	71.868367
2813	3966.982767	66.673575	-12.874653	1.312086	69.136468
2815	3969.042107	66.693130	-12.785580	1.309879	69.664459
2819	3973.161372	66.563428	-12.714469	1.305750	72.332355
2821	3975.221212	66.258606	-12.651846	1.304211	69.379488
2823	3977.281016	66.348887	-12.629322	1.301738	70.595883
2827	3981.400477	66.353312	-12.520044	1.297598	70.248693
2829	3983.460184	66.175383	-12.457535	1.296762	71.448895
2831	3985.519660	66.099746	-12.400003	1.294464	70.234219
2833	3987.579106	66.041036	-12.365064	1.292212	70.632598
2835	3989.638156	65.899157	-12.293350	1.290516	72.800444
2837	3991.697813	66.107013	-12.253351	1.286703	74.115548
2841	3995.816292	65.468299	-12.148919	1.283147	72.937353
2843	3997.875352	65.506651	-12.113574	1.280703	66.378373
2845	3999.934591	65.351008	-12.067007	1.279155	67.950497
2847	4001.993632	65.785422	-11.994148	1.276712	69.062809
2851	4006.111839	65.116717	-11.858198	1.272946	69.162213
2853	4008.171425	65.286972	-11.847531	1.270848	69.443314
2855	4010.230574	65.377234	-11.777402	1.269097	68.831638
2859	4014.349472	64.949555	-11.675534	1.264889	68.948360
2861	4016.408356	65.094458	-11.635526	1.262659	68.308994
2863	4018.467513	64.953508	-11.578163	1.260503	67.969662
2867	4022.585726	64.780561	-11.483876	1.258007	66.538801
2869	4024.644235	64.913401	-11.423519	1.255812	67.194348
2871	4026.703378	64.920983	-11.381699	1.254010	68.063539
2875	4030.820767	64.857178	-11.292567	1.250246	66.579659
2877	4032.879363	64.501702	-11.268963	1.249012	64.229005
2879	4034.937930	64.595189	-11.239923	1.245314	68.085126
2881	4036.996763	64.477953	-11.148786	1.246521	63.982651
2885	4041.114786	64.441254	-11.056058	1.243027	69.316260
2887	4043.173842	63.993047	-11.069017	1.240331	63.258530
2889	4045.232931	64.229894	-10.972303	1.238201	65.760409
2893	4049.351536	64.002211	-10.905568	1.233844	64.732366
2895	4051.410512	64.024344	-10.853133	1.233046	64.580838
2897	4053.469729	63.982442	-10.805185	1.231091	64.299518
2901	4057.588221	63.726113	-10.769852	1.226198	64.458407
2903	4059.646886	63.753669	-10.671967	1.225934	65.429026
2905	4061.706525	63.762638	-10.652572	1.222574	65.503549
2909	4065.825003	63.227740	-10.544292	1.220247	65.120482
2911	4067.884265	63.178867	-10.502028	1.218732	62.956299
2913	4069.944295	63.203166	-10.424975	1.216876	63.733876
2917	4074.063121	63.119327	-10.389036	1.212255	61.842203
2919	4076.122948	63.167971	-10.329880	1.211608	63.968498
2921	4078.182575	62.860189	-10.259977	1.211100	65.554830
2925	4082.301380	62.799573	-10.198238	1.207330	64.422314
2927	4084.360828	62.857608	-10.167602	1.205311	64.858767
2931	4088.479523	62.415912	-10.077467	1.201294	61.167101
2933	4090.538287	62.238078	-10.052519	1.199138	61.446309
2935	4092.597470	62.335040	-9.978072	1.199026	63.099321
2937	4094.656986	62.224458	-9.933613	1.197286	60.048883
2941	4098.774712	62.326255	-9.859636	1.193439	62.732275
2943	4100.834148	62.264896	-9.829909	1.190840	61.697443
2945	4102.893020	62.272051	-9.785417	1.190021	61.375266
2949	4107.011308	61.958202	-9.702689	1.187112	60.031087
2951	4109.069889	61.867480	-9.652006	1.185402	63.852162
2953	4111.129088	61.992605	-9.617135	1.183526	60.450187
2957	4115.246410	61.942414	-9.525988	1.180569	60.682868
2959	4117.305276	61.652057	-9.476935	1.180585	59.951062
2961	4119.363814	61.740766	-9.425318	1.178219	60.346641
2963	4121.422315	61.502797	-9.391827	1.178015	58.739346
2967	4125.539629	61.339558	-9.349401	1.173854	59.148060
2969	4127.598904	61.495297	-9.298937	1.173152	60.109343
2971	4129.657434	61.175307	-9.241706	1.172273	60.269506
2973	4131.716813	61.295263	-9.208407	1.170907	60.136437
2977	4135.834757	61.056402	-9.170508	1.166475	59.771063
2979	4137.893871	61.151701	-9.111122	1.165544	61.007573
2981	4139.952853	60.826678	-9.118709	1.163723	57.370736
2985	4144.070887	61.044723	-9.014740	1.160784	59.493763
2987	4146.130128	60.760002	-8.971193	1.160125	57.487886
2989	4148.189062	60.730348	-8.925650	1.157981	58.971807
2993	4152.307838	60.739971	-8.864623	1.154600	58.440722
2995	4154.366796	60.664197	-8.823285	1.151996	56.617988
2997	4156.425783	60.373361	-8.783546	1.152630	58.640619
3001	4160.544644	60.302613	-8.722001	1.147851	58.740397
3003	4162.603925	60.193178	-8.672684	1.148663	57.527369
3005	4164.663232	60.334233	-8.629136	1.146049	56.119201
3007	4166.723478	60.146181	-8.600059	1.145401	57.527363
3011	4170.841906	60.006987	-8.521988	1.142973	55.237703
3013	4172.901115	59.907428	-8.506314	1.141598	56.175883
3015	4174.960507	59.936464	-8.478363	1.139299	59.308203
3017	4177.019816	59.675490	-8.439216	1.138762	56.388870
3021	4181.138157	59.638374	-8.372200	1.135849	54.435023
3023	4183.196730	59.426804	-8.342132	1.133450	56.419920
3025	4185.256237	59.361139	-8.328257	1.132169	54.800348
3027	4187.315428	59.708796	-8.289517	1.130398	55.249658
3029	4189.374264	59.391558	-8.250802	1.129516	54.144840
3033	4193.492198	59.268630	-8.184746	1.126895	53.720423
3035	4195.551657	59.032004	-8.138856	1.126221	53.633023
3037	4197.610012	59.343260	-8.117453	1.123901	56.683295
3041	4201.727565	59.211123	-8.047173	1.122624	56.525425
